 Frame  Total P1-20 P1-23 P1-27 P2-20 P2-23 P2-27 P3-20 P3-23 P3-27
       1   0.0231  -0.0069   0.0000   0.0000   0.0243   0.0008   0.0062  -0.0004  -0.0004  -0.0007
       2   0.0307  -0.0047   0.0011   0.0022   0.0266   0.0003   0.0066  -0.0001  -0.0005  -0.0009
       3   0.0274  -0.0042   0.0016   0.0022   0.0233   0.0004   0.0064  -0.0009  -0.0005  -0.0009
       4   0.0199  -0.0072   0.0005   0.0003   0.0220   0.0005   0.0056  -0.0016  -0.0001   0.0000
       5   0.0085  -0.0154   0.0004   0.0006   0.0192   0.0007   0.0047  -0.0022   0.0002   0.0003
       6   0.0149  -0.0099   0.0003   0.0018   0.0190   0.0004   0.0057  -0.0022  -0.0002  -0.0001
       7   0.0298  -0.0058   0.0009   0.0042   0.0283  -0.0003   0.0053  -0.0024  -0.0001  -0.0002
       8   0.0300  -0.0034   0.0007   0.0026   0.0262  -0.0003   0.0060  -0.0013   0.0000  -0.0005
       9   0.0170  -0.0064  -0.0001   0.0003   0.0181   0.0003   0.0064  -0.0013   0.0000  -0.0002
      10   0.0210  -0.0094  -0.0002   0.0009   0.0186   0.0003   0.0106  -0.0003   0.0002   0.0003
      11   0.0311  -0.0026   0.0001   0.0001   0.0194  -0.0002   0.0146  -0.0004  -0.0003   0.0003
      12   0.0407  -0.0007   0.0007   0.0016   0.0276  -0.0007   0.0123   0.0002  -0.0006   0.0003
      13   0.0447  -0.0019   0.0001   0.0038   0.0244  -0.0009   0.0179   0.0019  -0.0009   0.0003
      14   0.0291  -0.0060  -0.0001   0.0037   0.0154   0.0004   0.0152   0.0007  -0.0005   0.0002
      15   0.0208  -0.0095  -0.0009   0.0012   0.0176   0.0005   0.0107   0.0011  -0.0000   0.0002
      16   0.0328  -0.0050  -0.0006   0.0004   0.0216   0.0000   0.0144   0.0017  -0.0002   0.0004
      17   0.0425  -0.0010   0.0005   0.0033   0.0233  -0.0005   0.0156   0.0014  -0.0004   0.0005
      18   0.0376  -0.0017   0.0001   0.0021   0.0226   0.0001   0.0114   0.0032  -0.0001  -0.0001
      19   0.0285  -0.0042  -0.0003   0.0022   0.0196   0.0015   0.0076   0.0015   0.0004   0.0001
      20   0.0228  -0.0056  -0.0006   0.0014   0.0186   0.0011   0.0073   0.0006  -0.0000   0.0000
      21   0.0294  -0.0045  -0.0007   0.0002   0.0248   0.0002   0.0079   0.0018  -0.0002  -0.0002
      22   0.0311  -0.0013   0.0003   0.0007   0.0258  -0.0001   0.0054   0.0013  -0.0005  -0.0005
      23   0.0279  -0.0018   0.0002   0.0009   0.0235  -0.0001   0.0052   0.0019  -0.0006  -0.0012
      24   0.0232  -0.0055   0.0006   0.0018   0.0210   0.0005   0.0056   0.0002  -0.0002  -0.0007
      25   0.0235  -0.0048   0.0002   0.0008   0.0196   0.0015   0.0057   0.0007   0.0001  -0.0003
      26   0.0313  -0.0029  -0.0005   0.0004   0.0268   0.0005   0.0069   0.0003   0.0001  -0.0003
      27   0.0359  -0.0006   0.0002   0.0018   0.0264   0.0005   0.0078  -0.0002   0.0001  -0.0000
      28   0.0279  -0.0015   0.0007   0.0023   0.0199  -0.0001   0.0062   0.0012  -0.0003  -0.0004
      29   0.0166  -0.0044   0.0000  -0.0015   0.0177  -0.0006   0.0037   0.0022  -0.0003  -0.0002
      30   0.0177  -0.0042   0.0006  -0.0006   0.0164   0.0002   0.0044   0.0010  -0.0001   0.0002
      31   0.0208  -0.0032  -0.0001   0.0007   0.0172   0.0001   0.0055   0.0009  -0.0002  -0.0001
      32   0.0235  -0.0028  -0.0001   0.0006   0.0193  -0.0001   0.0057   0.0013  -0.0001  -0.0001
      33   0.0207  -0.0017   0.0001   0.0004   0.0162  -0.0006   0.0048   0.0026  -0.0006  -0.0004
      34   0.0158  -0.0041  -0.0003  -0.0007   0.0141  -0.0005   0.0046   0.0040  -0.0009  -0.0005
      35   0.0115  -0.0061   0.0003  -0.0021   0.0137  -0.0004   0.0035   0.0032  -0.0004  -0.0002
      36   0.0146  -0.0050  -0.0002  -0.0022   0.0161  -0.0005   0.0031   0.0039  -0.0007   0.0001
      37   0.0185  -0.0039   0.0004  -0.0001   0.0163  -0.0007   0.0037   0.0030  -0.0007   0.0005
      38   0.0170  -0.0029   0.0005  -0.0007   0.0143  -0.0009   0.0040   0.0031  -0.0009   0.0004
      39   0.0131  -0.0043  -0.0001  -0.0016   0.0120  -0.0004   0.0036   0.0056  -0.0013  -0.0002
      40   0.0182  -0.0020  -0.0001  -0.0012   0.0130  -0.0007   0.0036   0.0060  -0.0008   0.0003
      41   0.0210  -0.0010   0.0001  -0.0002   0.0140  -0.0007   0.0041   0.0055  -0.0010   0.0003
      42   0.0228  -0.0002   0.0001  -0.0005   0.0148  -0.0007   0.0039   0.0063  -0.0013   0.0004
      43   0.0200  -0.0009  -0.0005  -0.0020   0.0149  -0.0006   0.0040   0.0059  -0.0011   0.0004
      44   0.0172  -0.0026  -0.0005  -0.0008   0.0115  -0.0004   0.0047   0.0052  -0.0008   0.0009
      45   0.0207  -0.0019   0.0002   0.0003   0.0116  -0.0004   0.0050   0.0060  -0.0011   0.0010
      46   0.0254  -0.0006   0.0009  -0.0012   0.0159  -0.0006   0.0048   0.0061  -0.0008   0.0009
      47   0.0264  -0.0007   0.0009  -0.0010   0.0161  -0.0007   0.0045   0.0075  -0.0011   0.0010
      48   0.0222  -0.0030   0.0000   0.0002   0.0132  -0.0000   0.0044   0.0064  -0.0004   0.0014
      49   0.0255  -0.0026  -0.0004   0.0014   0.0129   0.0004   0.0047   0.0065   0.0005   0.0021
      50   0.0239  -0.0006  -0.0001   0.0016   0.0113   0.0002   0.0036   0.0069  -0.0002   0.0012
      51   0.0281   0.0008   0.0004   0.0010   0.0139  -0.0003   0.0040   0.0069  -0.0003   0.0016
      52   0.0270  -0.0011   0.0005   0.0006   0.0138  -0.0003   0.0046   0.0070  -0.0003   0.0021
      53   0.0199  -0.0043   0.0001  -0.0015   0.0136  -0.0005   0.0029   0.0090  -0.0007   0.0014
      54   0.0206  -0.0044  -0.0004  -0.0003   0.0133  -0.0004   0.0032   0.0077  -0.0002   0.0023
      55   0.0278  -0.0024   0.0007   0.0025   0.0125  -0.0009   0.0041   0.0090  -0.0008   0.0031
      56   0.0313   0.0001   0.0005   0.0014   0.0131  -0.0006   0.0045   0.0098  -0.0007   0.0033
      57   0.0320  -0.0010  -0.0001   0.0011   0.0150  -0.0003   0.0044   0.0101  -0.0001   0.0029
      58   0.0263  -0.0033  -0.0004   0.0018   0.0127  -0.0000   0.0043   0.0085  -0.0002   0.0028
      59   0.0235  -0.0038  -0.0011   0.0013   0.0120   0.0001   0.0037   0.0087  -0.0000   0.0026
      60   0.0239  -0.0001   0.0001  -0.0004   0.0132  -0.0009   0.0024   0.0085  -0.0006   0.0016
      61   0.0207   0.0015   0.0003  -0.0004   0.0105  -0.0007   0.0019   0.0071  -0.0008   0.0014
      62   0.0204  -0.0020  -0.0005   0.0008   0.0110  -0.0001   0.0021   0.0066   0.0001   0.0023
      63   0.0183  -0.0041  -0.0002  -0.0028   0.0126  -0.0002   0.0029   0.0075   0.0002   0.0025
      64   0.0157  -0.0052  -0.0006  -0.0046   0.0127   0.0002   0.0027   0.0090  -0.0001   0.0016
      65   0.0195  -0.0033  -0.0002  -0.0021   0.0116  -0.0001   0.0035   0.0074  -0.0000   0.0027
      66   0.0174  -0.0012   0.0000  -0.0025   0.0104  -0.0002   0.0029   0.0060  -0.0001   0.0021
      67   0.0199  -0.0008  -0.0003  -0.0023   0.0116   0.0002   0.0018   0.0086  -0.0001   0.0012
      68   0.0148  -0.0029  -0.0005  -0.0024   0.0104  -0.0000   0.0016   0.0068   0.0001   0.0015
      69   0.0141  -0.0030   0.0002  -0.0021   0.0092  -0.0000   0.0013   0.0069   0.0001   0.0016
      70   0.0154   0.0000  -0.0001  -0.0014   0.0083  -0.0001   0.0006   0.0070   0.0000   0.0010
      71   0.0155   0.0014   0.0004  -0.0028   0.0096  -0.0006  -0.0000   0.0074  -0.0002   0.0004
      72   0.0133   0.0005   0.0002  -0.0029   0.0084  -0.0007   0.0003   0.0072  -0.0006   0.0009
      73   0.0146   0.0000   0.0003  -0.0027   0.0091  -0.0005   0.0004   0.0080  -0.0005   0.0005
      74   0.0134  -0.0013   0.0008  -0.0030   0.0104  -0.0009  -0.0000   0.0081  -0.0006   0.0000
      75   0.0117  -0.0021   0.0009  -0.0032   0.0093  -0.0004   0.0003   0.0073  -0.0007   0.0003
      76   0.0119  -0.0028   0.0016  -0.0013   0.0094  -0.0009   0.0006   0.0066  -0.0011  -0.0002
      77   0.0104  -0.0024   0.0019  -0.0019   0.0103  -0.0014   0.0001   0.0062  -0.0012  -0.0011
      78   0.0102  -0.0010   0.0012  -0.0017   0.0085  -0.0009  -0.0002   0.0064  -0.0011  -0.0009
      79   0.0099  -0.0015   0.0010  -0.0012   0.0075  -0.0008   0.0001   0.0057  -0.0006  -0.0002
      80   0.0090  -0.0031   0.0006  -0.0023   0.0085  -0.0002   0.0001   0.0051   0.0000   0.0001
      81   0.0093  -0.0033   0.0006  -0.0012   0.0086   0.0002   0.0004   0.0050  -0.0001  -0.0008
      82   0.0068  -0.0023   0.0004  -0.0033   0.0094  -0.0005   0.0002   0.0037  -0.0003  -0.0005
      83   0.0113  -0.0006   0.0005  -0.0025   0.0099  -0.0005   0.0005   0.0046  -0.0005  -0.0001
      84   0.0138  -0.0014   0.0003  -0.0015   0.0120  -0.0001   0.0004   0.0053  -0.0005  -0.0006
      85   0.0119  -0.0026  -0.0000  -0.0026   0.0126   0.0001   0.0003   0.0044  -0.0000  -0.0003
      86   0.0094  -0.0040   0.0000  -0.0017   0.0114   0.0003   0.0004   0.0037  -0.0002  -0.0006
      87   0.0108  -0.0016   0.0001  -0.0017   0.0122  -0.0002  -0.0003   0.0039  -0.0004  -0.0012
      88   0.0149   0.0002   0.0010  -0.0008   0.0133  -0.0006  -0.0004   0.0033  -0.0003  -0.0008
      89   0.0157  -0.0004   0.0015   0.0005   0.0119  -0.0001   0.0001   0.0026  -0.0001  -0.0003
      90   0.0121  -0.0028   0.0002  -0.0002   0.0123  -0.0001   0.0000   0.0031  -0.0002  -0.0003
      91   0.0096  -0.0043   0.0001  -0.0011   0.0128  -0.0002  -0.0003   0.0034  -0.0002  -0.0006
      92   0.0122  -0.0010  -0.0001  -0.0002   0.0124  -0.0002  -0.0004   0.0036  -0.0008  -0.0012
      93   0.0184   0.0012   0.0007   0.0006   0.0157  -0.0004  -0.0005   0.0026  -0.0007  -0.0009
      94   0.0213   0.0010   0.0012   0.0005   0.0178  -0.0003  -0.0004   0.0026  -0.0006  -0.0006
      95   0.0169  -0.0021  -0.0002   0.0002   0.0172  -0.0000  -0.0001   0.0031  -0.0006  -0.0006
      96   0.0111  -0.0040  -0.0005  -0.0006   0.0150   0.0001  -0.0003   0.0017  -0.0001  -0.0003
      97   0.0154  -0.0009   0.0002  -0.0003   0.0154   0.0001  -0.0003   0.0031  -0.0008  -0.0009
      98   0.0219   0.0015   0.0003   0.0005   0.0187   0.0003   0.0000   0.0029  -0.0012  -0.0010
      99   0.0200   0.0001   0.0003  -0.0002   0.0189   0.0000   0.0002   0.0019  -0.0008  -0.0003
     100   0.0154  -0.0016   0.0003  -0.0002   0.0161   0.0001   0.0005   0.0010  -0.0005  -0.0002
